5.0
0.0000000000000000000000000000000000000000000000000000000000000000
0.5626400585724001800000000000000000000000000000000000000000000000
-0.0000000000000001224646799147353200000000000000000000000000000000
-0.5626400585724004000000000000000000000000000000000000000000000000
0.0000000000000000000000000000000000000000000000000000000000000000
6
-0.1042823675885985900000000000000000000000000000000000000000000000
-0.0000000000000000764320945383364570000000000000000000000000000000
0.6737572105846687500000000000000000000000000000000000000000000000
0.0000000000000000228692715915544660000000000000000000000000000000
-0.5694748429960704300000000000000000000000000000000000000000000000
-0.0000000000000000689018569679533360000000000000000000000000000000
7
0.0000000000000000628559468610975120000000000000000000000000000000
-0.0974417352077420890000000000000000000000000000000000000000000000
0.0000000000000001055845697413792500000000000000000000000000000000
0.6666666666666666300000000000000000000000000000000000000000000000
-0.0000000000000001795994380497230200000000000000000000000000000000
-0.5692249314589245000000000000000000000000000000000000000000000000
-0.0000000000000000998633810152694010000000000000000000000000000000
8
0.0068406335369910155000000000000000000000000000000000000000000000
0.0000000000000000293998940157877200000000000000000000000000000000
-0.1045323756191099000000000000000000000000000000000000000000000000
0.0000000000000000024338741526764160000000000000000000000000000000
0.6669225226437134300000000000000000000000000000000000000000000000
-0.0000000000000001130130004248410500000000000000000000000000000000
-0.5692307805615946000000000000000000000000000000000000000000000000
-0.0000000000000000412854476583584050000000000000000000000000000000
9
-0.0000000000000000451028103753969840000000000000000000000000000000
0.0065906266520410761000000000000000000000000000000000000000000000
-0.0000000000000000465127231572072670000000000000000000000000000000
-0.1042765184859287300000000000000000000000000000000000000000000000
0.0000000000000000000000000000000000000000000000000000000000000000
0.6669165770583289600000000000000000000000000000000000000000000000
-0.0000000000000000759519567575280590000000000000000000000000000000
-0.5692306852244415300000000000000000000000000000000000000000000000
0.0000000000000000451028103753969840000000000000000000000000000000
10
-0.0002500068849503476900000000000000000000000000000000000000000000
-0.0000000000000001480297366166875300000000000000000000000000000000
0.0068464837853001352000000000000000000000000000000000000000000000
0.0000000000000000246716227694479220000000000000000000000000000000
-0.1042824640819642600000000000000000000000000000000000000000000000
0.0000000000000001384971314910822100000000000000000000000000000000
0.6669166735516169900000000000000000000000000000000000000000000000
-0.0000000000000000644822631827384320000000000000000000000000000000
-0.5692306863700025100000000000000000000000000000000000000000000000
-0.0000000000000000616790569236198110000000000000000000000000000000
11
-0.0000000000000000855552023373306740000000000000000000000000000000
-0.0002441566366418346100000000000000000000000000000000000000000000
-0.0000000000000000517710203665159520000000000000000000000000000000
0.0068405381892640447000000000000000000000000000000000000000000000
-0.0000000000000001115497695354750400000000000000000000000000000000
-0.1042823675885985900000000000000000000000000000000000000000000000
0.0000000000000000351176749971385830000000000000000000000000000000
0.6669166723954047500000000000000000000000000000000000000000000000
0.0000000000000000746402919580704060000000000000000000000000000000
-0.5692306863594286400000000000000000000000000000000000000000000000
0.0000000000000000166533453693773470000000000000000000000000000000
12
0.0000058502483085839384000000000000000000000000000000000000000000
-0.0000000000000000807434927000113870000000000000000000000000000000
-0.0002501022326779559300000000000000000000000000000000000000000000
0.0000000000000000000000000000000000000000000000000000000000000000
0.0068406346826300479000000000000000000000000000000000000000000000
-0.0000000000000000807434927000113870000000000000000000000000000000
-0.1042823687448111200000000000000000000000000000000000000000000000
0.0000000000000001381470695414257400000000000000000000000000000000
0.6669166724060563400000000000000000000000000000000000000000000000
-0.0000000000000001072768767757475500000000000000000000000000000000
-0.5692306863595061300000000000000000000000000000000000000000000000
0.0000000000000000040060038225416106000000000000000000000000000000
13
-0.0000000000000000406798319690917310000000000000000000000000000000
0.0000057549005810786369000000000000000000000000000000000000000000
-0.0000000000000000216947905487769540000000000000000000000000000000
-0.0002500057393119981000000000000000000000000000000000000000000000
0.0000000000000000736089665824113080000000000000000000000000000000
0.0068406335264173763000000000000000000000000000000000000000000000
0.0000000000000000628559468610975120000000000000000000000000000000
-0.1042823687341594700000000000000000000000000000000000000000000000
0.0000000000000000319756031589679440000000000000000000000000000000
0.6669166724059786300000000000000000000000000000000000000000000000
-0.0000000000000001579046475009460500000000000000000000000000000000
-0.5692306863595056900000000000000000000000000000000000000000000000
-0.0000000000000000591835490461776760000000000000000000000000000000
14
-0.0000000953477274835417980000000000000000000000000000000000000000
-0.0000000000000000683214169000096370000000000000000000000000000000
0.0000058513939471101166000000000000000000000000000000000000000000
0.0000000000000000000000000000000000000000000000000000000000000000
-0.0002500068955246685200000000000000000000000000000000000000000000
-0.0000000000000000085401771125012046000000000000000000000000000000
0.0068406335370689289000000000000000000000000000000000000000000000
0.0000000000000000565786733703204740000000000000000000000000000000
-0.1042823687342373800000000000000000000000000000000000000000000000
-0.0000000000000000619830041993251510000000000000000000000000000000
0.6669166724059790700000000000000000000000000000000000000000000000
-0.0000000000000000587606302424475510000000000000000000000000000000
-0.5692306863595056900000000000000000000000000000000000000000000000
-0.0000000000000000862819523808752360000000000000000000000000000000
15
-0.0000000000000000036171664657191639000000000000000000000000000000
-0.0000000942020889865042540000000000000000000000000000000000000000
0.0000000000000000208478660358709440000000000000000000000000000000
0.0000058502377344409647000000000000000000000000000000000000000000
0.0000000000000000051000237608321774000000000000000000000000000000
-0.0002500068848730409300000000000000000000000000000000000000000000
0.0000000000000000194865647649240660000000000000000000000000000000
0.0068406335369910294000000000000000000000000000000000000000000000
0.0000000000000000099133292508636542000000000000000000000000000000
-0.1042823687342369100000000000000000000000000000000000000000000000
-0.0000000000000000026661496081557615000000000000000000000000000000
0.6669166724059790700000000000000000000000000000000000000000000000
-0.0000000000000001338608664607120100000000000000000000000000000000
-0.5692306863595055800000000000000000000000000000000000000000000000
-0.0000000000000000376682811926392420000000000000000000000000000000
16
0.0000000011456383619545818000000000000000000000000000000000000000
-0.0000000000000001776356839400250600000000000000000000000000000000
-0.0000000953583019027060330000000000000000000000000000000000000000
0.0000000000000000000000000000000000000000000000000000000000000000
0.0000058502483859978200000000000000000000000000000000000000000000
0.0000000000000000444089209850062640000000000000000000000000000000
-0.0002500068849508166600000000000000000000000000000000000000000000
0.0000000000000000929811783123568630000000000000000000000000000000
0.0068406335369917397000000000000000000000000000000000000000000000
0.0000000000000000643293289008066010000000000000000000000000000000
-0.1042823687342369500000000000000000000000000000000000000000000000
-0.0000000000000000010272815584300154000000000000000000000000000000
0.6669166724059789600000000000000000000000000000000000000000000000
-0.0000000000000000631250315736162180000000000000000000000000000000
-0.5692306863595054700000000000000000000000000000000000000000000000
-0.0000000000000001110223024625156500000000000000000000000000000000
17
0.0000000000000000459701721133853880000000000000000000000000000000
0.0000000011350641537788420000000000000000000000000000000000000000
0.0000000000000000340500630277856950000000000000000000000000000000
-0.0000000953476500531458270000000000000000000000000000000000000000
-0.0000000000000000257593294002806860000000000000000000000000000000
0.0000058502483080494216000000000000000000000000000000000000000000
-0.0000000000000000384858262254383570000000000000000000000000000000
-0.0002500068849503843400000000000000000000000000000000000000000000
-0.0000000000000000451028103753969840000000000000000000000000000000
0.0068406335369914605000000000000000000000000000000000000000000000
-0.0000000000000000080268969317689073000000000000000000000000000000
-0.1042823687342368800000000000000000000000000000000000000000000000
0.0000000000000000257593294002806860000000000000000000000000000000
0.6669166724059789600000000000000000000000000000000000000000000000
-0.0000000000000001100020197853137500000000000000000000000000000000
-0.5692306863595056900000000000000000000000000000000000000000000000
-0.0000000000000000008673617379884035500000000000000000000000000000
18
-0.0000000000105742731356320380000000000000000000000000000000000000
-0.0000000000000001044915787882500300000000000000000000000000000000
0.0000000011457157861591956000000000000000000000000000000000000000
0.0000000000000000000000000000000000000000000000000000000000000000
-0.0000000953477280311915450000000000000000000000000000000000000000
0.0000000000000000130614473485312530000000000000000000000000000000
0.0000058502483086208665000000000000000000000000000000000000000000
0.0000000000000000089797450521152372000000000000000000000000000000
-0.0002500068849504710800000000000000000000000000000000000000000000
-0.0000000000000000391843420455937630000000000000000000000000000000
0.0068406335369916070000000000000000000000000000000000000000000000
-0.0000000000000000314354853422414780000000000000000000000000000000
-0.1042823687342367700000000000000000000000000000000000000000000000
0.0000000000000000959005346643564160000000000000000000000000000000
0.6669166724059791800000000000000000000000000000000000000000000000
-0.0000000000000001331026840530700200000000000000000000000000000000
-0.5692306863595056900000000000000000000000000000000000000000000000
0.0000000000000000244293880960113700000000000000000000000000000000
19
0.0000000000000000075949891603014933000000000000000000000000000000
-0.0000000000104968996457917760000000000000000000000000000000000000
-0.0000000000000000012307311111264061000000000000000000000000000000
0.0000000011456379548728062000000000000000000000000000000000000000
0.0000000000000000364872680262377220000000000000000000000000000000
-0.0000000953477274829102820000000000000000000000000000000000000000
-0.0000000000000000343089754137635190000000000000000000000000000000
0.0000058502483085492117000000000000000000000000000000000000000000
-0.0000000000000001265695018488928400000000000000000000000000000000
-0.0002500068849503970800000000000000000000000000000000000000000000
-0.0000000000000000112697994138869850000000000000000000000000000000
0.0068406335369915472000000000000000000000000000000000000000000000
0.0000000000000000533538947920927400000000000000000000000000000000
-0.1042823687342367800000000000000000000000000000000000000000000000
0.0000000000000001142709744489861100000000000000000000000000000000
0.6669166724059789600000000000000000000000000000000000000000000000
-0.0000000000000000933313300444744740000000000000000000000000000000
-0.5692306863595058000000000000000000000000000000000000000000000000
-0.0000000000000000674614685102091590000000000000000000000000000000
20
0.0000000000000772683638489224960000000000000000000000000000000000
0.0000000000000000000000000000000000000000000000000000000000000000
-0.0000000000105748286626710830000000000000000000000000000000000000
-0.0000000000000000467462326157960620000000000000000000000000000000
0.0000000011456382710481389000000000000000000000000000000000000000
-0.0000000000000001051790233855411400000000000000000000000000000000
-0.0000000953477274991105940000000000000000000000000000000000000000
0.0000000000000000116865581539490160000000000000000000000000000000
0.0000058502483087189995000000000000000000000000000000000000000000
0.0000000000000000839743114226141180000000000000000000000000000000
-0.0002500068849503043800000000000000000000000000000000000000000000
0.0000000000000001223236835288711300000000000000000000000000000000
0.0068406335369916469000000000000000000000000000000000000000000000
0.0000000000000000402955751897884320000000000000000000000000000000
-0.1042823687342368500000000000000000000000000000000000000000000000
0.0000000000000001437951516614657300000000000000000000000000000000
0.6669166724059788500000000000000000000000000000000000000000000000
-0.0000000000000001508259069192279100000000000000000000000000000000
-0.5692306863595055800000000000000000000000000000000000000000000000
-0.0000000000000000564785865657921420000000000000000000000000000000
21
0.0000000000000000482253126321552380000000000000000000000000000000
0.0000000000000769606600670158560000000000000000000000000000000000
0.0000000000000000613697176683965360000000000000000000000000000000
-0.0000000000105742969935818110000000000000000000000000000000000000
0.0000000000000000200528392072827000000000000000000000000000000000
0.0000000011456382842389702000000000000000000000000000000000000000
-0.0000000000000001138712802283915100000000000000000000000000000000
-0.0000000953477276043057600000000000000000000000000000000000000000
-0.0000000000000000632901484220111470000000000000000000000000000000
0.0000058502483085815481000000000000000000000000000000000000000000
-0.0000000000000000855552023373306740000000000000000000000000000000
-0.0002500068849504161600000000000000000000000000000000000000000000
0.0000000000000000115191280554951880000000000000000000000000000000
0.0068406335369916495000000000000000000000000000000000000000000000
0.0000000000000000023215106929164180000000000000000000000000000000
-0.1042823687342368700000000000000000000000000000000000000000000000
0.0000000000000000150648357898559080000000000000000000000000000000
0.6669166724059790700000000000000000000000000000000000000000000000
0.0000000000000000132705742896738920000000000000000000000000000000
-0.5692306863595055800000000000000000000000000000000000000000000000
-0.0000000000000000315719672627778880000000000000000000000000000000
22
-0.0000000000000004388024335423237900000000000000000000000000000000
0.0000000000000000422942104619107230000000000000000000000000000000
0.0000000000000775200010003746150000000000000000000000000000000000
0.0000000000000000000000000000000000000000000000000000000000000000
-0.0000000000105743493453162830000000000000000000000000000000000000
-0.0000000000000000410894298323119090000000000000000000000000000000
0.0000000011456384212203881000000000000000000000000000000000000000
-0.0000000000000000004956352788505162900000000000000000000000000000
-0.0000000953477275134601660000000000000000000000000000000000000000
0.0000000000000000001169134473358898500000000000000000000000000000
0.0000058502483086845744000000000000000000000000000000000000000000
0.0000000000000000412063432796477930000000000000000000000000000000
-0.0002500068849504499300000000000000000000000000000000000000000000
-0.0000000000000000010370139810709964000000000000000000000000000000
0.0068406335369914735000000000000000000000000000000000000000000000
0.0000000000000000539047770584594040000000000000000000000000000000
-0.1042823687342369400000000000000000000000000000000000000000000000
-0.0000000000000000412063432796477930000000000000000000000000000000
0.6669166724059790700000000000000000000000000000000000000000000000
-0.0000000000000000541894571543231150000000000000000000000000000000
-0.5692306863595055800000000000000000000000000000000000000000000000
-0.0000000000000000525373395581547270000000000000000000000000000000
23
-0.0000000000000000326914676082653370000000000000000000000000000000
-0.0000000000000004844609562000682700000000000000000000000000000000
-0.0000000000000000261144877818213100000000000000000000000000000000
0.0000000000000772715225139108950000000000000000000000000000000000
-0.0000000000000000279921288168984790000000000000000000000000000000
-0.0000000000105742889192325420000000000000000000000000000000000000
-0.0000000000000000958828975812635210000000000000000000000000000000
0.0000000011456383903409660000000000000000000000000000000000000000
0.0000000000000000302788097625042670000000000000000000000000000000
-0.0000000953477275362651780000000000000000000000000000000000000000
-0.0000000000000000454182146437564070000000000000000000000000000000
0.0000058502483085839384000000000000000000000000000000000000000000
-0.0000000000000000353252780562549800000000000000000000000000000000
-0.0002500068849504196800000000000000000000000000000000000000000000
-0.0000000000000000302788097625042670000000000000000000000000000000
0.0068406335369916582000000000000000000000000000000000000000000000
0.0000000000000000151394048812521340000000000000000000000000000000
-0.1042823687342368200000000000000000000000000000000000000000000000
0.0000000000000001661391983583242000000000000000000000000000000000
0.6669166724059790700000000000000000000000000000000000000000000000
-0.0000000000000000811623889939262420000000000000000000000000000000
-0.5692306863595055800000000000000000000000000000000000000000000000
0.0000000000000000366974714308069470000000000000000000000000000000
24
-0.0000000000000000098499168901453809000000000000000000000000000000
0.0000000000000000772329060608804530000000000000000000000000000000
-0.0000000000000004057108127804334900000000000000000000000000000000
0.0000000000000001544658121217609100000000000000000000000000000000
0.0000000000000774650671157405570000000000000000000000000000000000
0.0000000000000000772329060608804530000000000000000000000000000000
-0.0000000000105742949273261330000000000000000000000000000000000000
-0.0000000000000000603382078600628520000000000000000000000000000000
0.0000000011456383801690056000000000000000000000000000000000000000
-0.0000000000000000713310751045680570000000000000000000000000000000
-0.0000000953477274934045970000000000000000000000000000000000000000
-0.0000000000000000422037480446205250000000000000000000000000000000
0.0000058502483086627269000000000000000000000000000000000000000000
0.0000000000000000408192634854535110000000000000000000000000000000
-0.0002500068849503804400000000000000000000000000000000000000000000
-0.0000000000000000133873672399540440000000000000000000000000000000
0.0068406335369915038000000000000000000000000000000000000000000000
-0.0000000000000000653006975174275210000000000000000000000000000000
-0.1042823687342370000000000000000000000000000000000000000000000000
0.0000000000000000164323615233534490000000000000000000000000000000
0.6669166724059791800000000000000000000000000000000000000000000000
-0.0000000000000000842354350432769440000000000000000000000000000000
-0.5692306863595056900000000000000000000000000000000000000000000000
-0.0000000000000000376054925057742960000000000000000000000000000000
25
-0.0000000000000000665992086772607210000000000000000000000000000000
-0.0000000000000001110223024625156500000000000000000000000000000000
-0.0000000000000000873332739237655680000000000000000000000000000000
-0.0000000000000004440892098500626200000000000000000000000000000000
-0.0000000000000000441047823700023970000000000000000000000000000000
0.0000000000000774195522505275870000000000000000000000000000000000
0.0000000000000000314279734305487560000000000000000000000000000000
-0.0000000000105742486526209470000000000000000000000000000000000000
0.0000000000000000437433771951128830000000000000000000000000000000
0.0000000011456384174657330000000000000000000000000000000000000000
-0.0000000000000000421255271368193890000000000000000000000000000000
-0.0000000953477275559648090000000000000000000000000000000000000000
-0.0000000000000000406798319690917310000000000000000000000000000000
0.0000058502483086346020000000000000000000000000000000000000000000
0.0000000000000000204307365880424410000000000000000000000000000000
-0.0002500068849504155600000000000000000000000000000000000000000000
0.0000000000000000298655893872984260000000000000000000000000000000
0.0068406335369916244000000000000000000000000000000000000000000000
0.0000000000000000314279734305487560000000000000000000000000000000
-0.1042823687342368900000000000000000000000000000000000000000000000
0.0000000000000000760803855289703230000000000000000000000000000000
0.6669166724059790700000000000000000000000000000000000000000000000
-0.0000000000000000705713735771804990000000000000000000000000000000
-0.5692306863595054700000000000000000000000000000000000000000000000
0.0000000000000000074156596310830494000000000000000000000000000000
26
0.0000000000000000532907051820075120000000000000000000000000000000
-0.0000000000000000355271367880050100000000000000000000000000000000
0.0000000000000001598721155460225400000000000000000000000000000000
0.0000000000000000797038784358932110000000000000000000000000000000
-0.0000000000000005601595576276708200000000000000000000000000000000
0.0000000000000000239580875423232820000000000000000000000000000000
0.0000000000000773454911229265450000000000000000000000000000000000
0.0000000000000000173478303058520230000000000000000000000000000000
-0.0000000000105742969935818110000000000000000000000000000000000000
-0.0000000000000000289334530786140140000000000000000000000000000000
0.0000000011456384374497474000000000000000000000000000000000000000
-0.0000000000000000345348711509318600000000000000000000000000000000
-0.0000000953477274379110870000000000000000000000000000000000000000
0.0000000000000000085247830227795651000000000000000000000000000000
0.0000058502483086483866000000000000000000000000000000000000000000
-0.0000000000000000145211918330094530000000000000000000000000000000
-0.0002500068849503431900000000000000000000000000000000000000000000
0.0000000000000000587365158799983810000000000000000000000000000000
0.0068406335369914474000000000000000000000000000000000000000000000
-0.0000000000000000802223960670708600000000000000000000000000000000
-0.1042823687342369900000000000000000000000000000000000000000000000
-0.0000000000000000428267478404095700000000000000000000000000000000
0.6669166724059789600000000000000000000000000000000000000000000000
-0.0000000000000000310862446895043860000000000000000000000000000000
-0.5692306863595056900000000000000000000000000000000000000000000000
-0.0000000000000000205391259555653960000000000000000000000000000000
27
-0.0000000000000000026418550397483138000000000000000000000000000000
0.0000000000000000341607084500048190000000000000000000000000000000
0.0000000000000000584611715174028840000000000000000000000000000000
0.0000000000000000000000000000000000000000000000000000000000000000
-0.0000000000000000422036120660871860000000000000000000000000000000
-0.0000000000000004440892098500626200000000000000000000000000000000
0.0000000000000000488391378621162600000000000000000000000000000000
0.0000000000000773702683117741920000000000000000000000000000000000
0.0000000000000000394983191453180710000000000000000000000000000000
-0.0000000000105741853741341520000000000000000000000000000000000000
0.0000000000000000427008855625060230000000000000000000000000000000
0.0000000011456384906394758000000000000000000000000000000000000000
-0.0000000000000000213504427812530120000000000000000000000000000000
-0.0000000953477274835417980000000000000000000000000000000000000000
-0.0000000000000000469709741187566220000000000000000000000000000000
0.0000058502483086194765000000000000000000000000000000000000000000
-0.0000000000000000427008855625060230000000000000000000000000000000
-0.0002500068849504831600000000000000000000000000000000000000000000
-0.0000000000000000480384962578192750000000000000000000000000000000
0.0068406335369915576000000000000000000000000000000000000000000000
0.0000000000000000077395355082042165000000000000000000000000000000
-0.1042823687342369400000000000000000000000000000000000000000000000
-0.0000000000000000197793921332379590000000000000000000000000000000
0.6669166724059790700000000000000000000000000000000000000000000000
-0.0000000000000001172218017598504500000000000000000000000000000000
-0.5692306863595058000000000000000000000000000000000000000000000000
-0.0000000000000000836400973411269230000000000000000000000000000000
28
-0.0000000000000000709309154621627730000000000000000000000000000000
0.0000000000000000493432455388958440000000000000000000000000000000
0.0000000000000000074528860449373942000000000000000000000000000000
0.0000000000000000328954970259305620000000000000000000000000000000
0.0000000000000000822387425648264060000000000000000000000000000000
0.0000000000000001146175979353005900000000000000000000000000000000
-0.0000000000000003005360394185274400000000000000000000000000000000
-0.0000000000000000368127118546269880000000000000000000000000000000
0.0000000000000772541627435094630000000000000000000000000000000000
-0.0000000000000000729868840262834430000000000000000000000000000000
-0.0000000000105743388457060550000000000000000000000000000000000000
-0.0000000000000000488312286445242650000000000000000000000000000000
0.0000000011456384856773246000000000000000000000000000000000000000
0.0000000000000000149084216043009930000000000000000000000000000000
-0.0000000953477273760675580000000000000000000000000000000000000000
0.0000000000000000758836724810895170000000000000000000000000000000
0.0000058502483085302611000000000000000000000000000000000000000000
-0.0000000000000000831731446511992760000000000000000000000000000000
-0.0002500068849503754500000000000000000000000000000000000000000000
-0.0000000000000000155133464265924080000000000000000000000000000000
0.0068406335369915264000000000000000000000000000000000000000000000
-0.0000000000000000594359239681242360000000000000000000000000000000
-0.1042823687342369100000000000000000000000000000000000000000000000
-0.0000000000000000308395284618099050000000000000000000000000000000
0.6669166724059789600000000000000000000000000000000000000000000000
-0.0000000000000000539049257905385590000000000000000000000000000000
-0.5692306863595055800000000000000000000000000000000000000000000000
-0.0000000000000000010279842820603301000000000000000000000000000000
29
0.0000000000000000021064499351146942000000000000000000000000000000
0.0000000000000000951619735392991270000000000000000000000000000000
0.0000000000000000130104955702222860000000000000000000000000000000
0.0000000000000000634413156928660850000000000000000000000000000000
-0.0000000000000000025896609557341361000000000000000000000000000000
-0.0000000000000000713714801544743540000000000000000000000000000000
-0.0000000000000000003160862746607131800000000000000000000000000000
-0.0000000000000005119912430525833900000000000000000000000000000000
-0.0000000000000000312992724369922870000000000000000000000000000000
0.0000000000000772566534555453820000000000000000000000000000000000
-0.0000000000000000306385126252519630000000000000000000000000000000
-0.0000000000105742874773844570000000000000000000000000000000000000
-0.0000000000000000084214451184282828000000000000000000000000000000
0.0000000011456384472038498000000000000000000000000000000000000000
-0.0000000000000000036171664657191639000000000000000000000000000000
-0.0000000953477274337080970000000000000000000000000000000000000000
0.0000000000000000292693111542992410000000000000000000000000000000
0.0000058502483087284422000000000000000000000000000000000000000000
0.0000000000000000357385363860841460000000000000000000000000000000
-0.0002500068849502817200000000000000000000000000000000000000000000
0.0000000000000000507858372019163650000000000000000000000000000000
0.0068406335369915411000000000000000000000000000000000000000000000
0.0000000000000000102294155255243680000000000000000000000000000000
-0.1042823687342368100000000000000000000000000000000000000000000000
-0.0000000000000000000764886524216262980000000000000000000000000000
0.6669166724059790700000000000000000000000000000000000000000000000
-0.0000000000000001468713620309342900000000000000000000000000000000
-0.5692306863595055800000000000000000000000000000000000000000000000
-0.0000000000000000397747311277539310000000000000000000000000000000
30
0.0000000000000000375898975790707870000000000000000000000000000000
0.0000000000000000612536841172500150000000000000000000000000000000
0.0000000000000001230948286460053400000000000000000000000000000000
0.0000000000000000000000000000000000000000000000000000000000000000
-0.0000000000000000572054184402043340000000000000000000000000000000
0.0000000000000000000000000000000000000000000000000000000000000000
0.0000000000000000271015352168072220000000000000000000000000000000
-0.0000000000000000507257071595976720000000000000000000000000000000
-0.0000000000000004856056510485423900000000000000000000000000000000
-0.0000000000000001029169565661412700000000000000000000000000000000
0.0000000000000772977836067845490000000000000000000000000000000000
0.0000000000000000869768479879912280000000000000000000000000000000
-0.0000000000105743154149765240000000000000000000000000000000000000
-0.0000000000000000212699319626007280000000000000000000000000000000
0.0000000011456384294980236000000000000000000000000000000000000000
0.0000000000000000090236632151287155000000000000000000000000000000
-0.0000000953477275177863080000000000000000000000000000000000000000
-0.0000000000000001071486577278299000000000000000000000000000000000
0.0000058502483086781073000000000000000000000000000000000000000000
-0.0000000000000000568879349322731730000000000000000000000000000000
-0.0002500068849504351300000000000000000000000000000000000000000000
-0.0000000000000000197372429187702270000000000000000000000000000000
0.0068406335369916573000000000000000000000000000000000000000000000
0.0000000000000001030625435323490600000000000000000000000000000000
-0.1042823687342368700000000000000000000000000000000000000000000000
0.0000000000000000572054184402043340000000000000000000000000000000
0.6669166724059791800000000000000000000000000000000000000000000000
-0.0000000000000001192664733886772300000000000000000000000000000000
-0.5692306863595058000000000000000000000000000000000000000000000000
-0.0000000000000000460357375731904670000000000000000000000000000000
